Shopcode        PreviousGB              CurrentGB       Tier                    Changed
11061200        10                      11              19.95
12038400        16                      16              19.95
12050200        50                      61              49.95
12402200        42                      44              29.95
14092100        1                       1               19.95
14540200        29                      30              29.95
14667500        209                     223             99.95
16034200        53                      58              49.95
16100500        30                      31              29.95
16158400        27                      28              29.95
17318200        15                      18              19.95
19070500        34                      37              29.95
19185100        48                      50              49.95           Yes
19252500        9                       9               19.95
19317600        14                      16              19.95
19601960        14                      15              19.95
19601961        10                      10              19.95
20092800        21                      22              29.95
22246600        2                       2               19.95
23102100        24                      25              29.95
25068900        20                      20              29.95
28062600        103                     106             99.95
31033700        13                      14              19.95
32025800        13                      14              19.95
32032100        14                      16              19.95
32071200        18                      24              29.95           Yes
32084100        96                      99              49.95
32715800        9                       23              29.95           Yes
33152600        84                      86              49.95
33726800        43                      45              29.95
33783700        34                      35              29.95
33804500        81                      81              49.95
34314100        21                      22              29.95
34504300        12                      13              19.95
34768900        23                      23              29.95
36149100        33                      35              29.95
36353700        67                      69              49.95
37021100        15                      16              19.95
40038900        12                      12              19.95
40208600        18                      19              19.95
41203900        12                      13              19.95
42013200        67                      68              49.95
43003900        15                      34              29.95           Yes
43083700        25                      29              29.95
43086400        25                      26              29.95
44427000        15                      37              29.95           Yes
46222800        75                      81              49.95
48209700        23                      23              29.95
49118400        16                      18              19.95
51018800        16                      17              19.95
51059500        48                      60              49.95           Yes
51102900        11                      12              19.95
51154200        41                      43              29.95
51327900        33                      35              29.95
55050300        39                      43              29.95
55053100        2                       2               19.95
55082300        31                      34              29.95
55979604        4                       4               19.95
56246100        39                      41              29.95
56256400        23                      25              29.95
56419200        11                      11              19.95
56426900        38                      42              29.95
56438200        24                      26              29.95
56587200        2                       2               19.95
59054400        26                      27              29.95
59109000        90                      95              49.95
63060200                                0               19.95           Yes
63097100        35                      36              29.95
63264700        30                      34              29.95
66020900        23                      25              29.95
67877300        18                      20              29.95           Yes
68297600        30                      31              29.95
69044900        23                      25              29.95
