- 11061200 11 19.95
- 12038400 16 19.95
- 12050200 61 49.95
- 12402200 44 29.95
- 14092100 1 19.95
- 14540200 30 29.95
- 14667500 223 99.95
- 16034200 58 49.95
- 16100500 31 29.95
- 16158400 28 29.95
- 17318200 18 19.95
- 19070500 37 29.95
- 19185100 50 49.95
- 19252500 9 19.95
- 19317600 16 19.95
- 19601960 15 19.95
- 19601961 10 19.95
- 20092800 22 29.95
- 22246600 2 19.95
- 23102100 25 29.95
- 25068900 20 29.95
- 28062600 106 99.95
- 31033700 14 19.95
- 32025800 14 19.95
- 32032100 16 19.95
- 32071200 24 29.95
- 32084100 99 49.95
- 32715800 23 29.95
- 33152600 86 49.95
- 33726800 45 29.95
- 33783700 35 29.95
- 33804500 81 49.95
- 34314100 22 29.95
- 34504300 13 19.95
- 34768900 23 29.95
- 36149100 35 29.95
- 36353700 69 49.95
- 37021100 16 19.95
- 40038900 12 19.95
- 40208600 19 19.95
- 41203900 13 19.95
- 42013200 68 49.95
- 43003900 34 29.95
- 43083700 29 29.95
- 43086400 26 29.95
- 44427000 37 29.95
- 46222800 81 49.95
- 48209700 23 29.95
- 49118400 18 19.95
- 51018800 17 19.95
- 51059500 60 49.95
- 51102900 12 19.95
- 51154200 43 29.95
- 51327900 35 29.95
- 55050300 43 29.95
- 55053100 2 19.95
- 55082300 34 29.95
- 55979604 4 19.95
- 56246100 41 29.95
- 56256400 25 29.95
- 56419200 11 19.95
- 56426900 42 29.95
- 56438200 26 29.95
- 56587200 2 19.95
- 59054400 27 29.95
- 59109000 95 49.95
- 63097100 36 29.95
- 63264700 34 29.95
- 66020900 25 29.95
- 67877300 20 29.95
- 68297600 31 29.95
- 69044900 25 29.95
